

#Northwest Cornerstones
-3544 64 -2586
-3544 64 -2680
-3544 64 -2774
-3544 64 -2868
-3544 64 -2962
-3544 64 -3056
-3544 64 -3150


-3450 64 -2586
-3450 64 -2680
-3450 64 -2774
-3450 64 -2868
-3450 64 -2962
-3450 64 -3056
-3450 64 -3150


-3356 64 -2586
-3356 64 -2680
-3356 64 -2774
-3356 64 -2868
-3356 64 -2962
-3356 64 -3056
-3356 64 -3150


-3262 64 -2586
-3262 64 -2680
-3262 64 -2774
-3262 64 -2868
-3262 64 -2962
-3262 64 -3056
-3262 64 -3150


-3168 64 -2586
-3168 64 -2680
-3168 64 -2774
-3168 64 -2868
-3168 64 -2962
-3168 64 -3056
-3168 64 -3150


-3074 64 -2586
-3074 64 -2680
-3074 64 -2774
-3074 64 -2868
-3074 64 -2962
-3074 64 -3056
-3074 64 -3150


-2980 64 -2586
-2980 64 -2680
-2980 64 -2774
-2980 64 -2868
-2980 64 -2962
-2980 64 -3056
-2980 64 -3150


-2886 64 -2586
-2886 64 -2680
-2886 64 -2774
-2886 64 -2868
-2886 64 -2962
-2886 64 -3056
-2886 64 -3150


-2886 64 -2586
-2886 64 -2680
-2886 64 -2774
-2886 64 -2868
-2886 64 -2962
-2886 64 -3056
-2886 64 -3150


-2792 64 -2586
-2792 64 -2680
-2792 64 -2774
-2792 64 -2868
-2792 64 -2962
-2792 64 -3056
-2792 64 -3150


-2698 64 -2586
-2698 64 -2680
-2698 64 -2774
-2698 64 -2868
-2698 64 -2962
-2698 64 -3056
-2698 64 -3150


-2604 64 -2586
-2604 64 -2680
-2604 64 -2774
-2604 64 -2868
-2604 64 -2962
-2604 64 -3056
-2604 64 -3150


-2510 64 -2586
-2510 64 -2680
-2510 64 -2774
-2510 64 -2868
-2510 64 -2962
-2510 64 -3056
-2510 64 -3150











#Southeast Corners
-3452 81 -2494
-3452 81 -2588
-3452 81 -2682
-3452 81 -2776
-3452 81 -2870
-3452 81 -2964
-3452 81 -3058


-3358 81 -2494
-3358 81 -2588
-3358 81 -2682
-3358 81 -2776
-3358 81 -2870
-3358 81 -2964
-3358 81 -3058


-3264 81 -2494
-3264 81 -2588
-3264 81 -2682
-3264 81 -2776
-3264 81 -2870
-3264 81 -2964
-3264 81 -3058


-3170 81 -2494
-3170 81 -2588
-3170 81 -2682
-3170 81 -2776
-3170 81 -2870
-3170 81 -2964
-3170 81 -3058


-3076 81 -2494
-3076 81 -2588
-3076 81 -2682
-3076 81 -2776
-3076 81 -2870
-3076 81 -2964
-3076 81 -3058


-2982 81 -2494
-2982 81 -2588
-2982 81 -2682
-2982 81 -2776
-2982 81 -2870
-2982 81 -2964
-2982 81 -3058


-2888 81 -2494
-2888 81 -2588
-2888 81 -2682
-2888 81 -2776
-2888 81 -2870
-2888 81 -2964
-2888 81 -3058


-2794 81 -2494
-2794 81 -2588
-2794 81 -2682
-2794 81 -2776
-2794 81 -2870
-2794 81 -2964
-2794 81 -3058


-2794 81 -2494
-2794 81 -2588
-2794 81 -2682
-2794 81 -2776
-2794 81 -2870
-2794 81 -2964
-2794 81 -3058


-2700 81 -2494
-2700 81 -2588
-2700 81 -2682
-2700 81 -2776
-2700 81 -2870
-2700 81 -2964
-2700 81 -3058


-2606 81 -2494
-2606 81 -2588
-2606 81 -2682
-2606 81 -2776
-2606 81 -2870
-2606 81 -2964
-2606 81 -3058


-2512 81 -2494
-2512 81 -2588
-2512 81 -2682
-2512 81 -2776
-2512 81 -2870
-2512 81 -2964
-2512 81 -3058


-2418 81 -2494
-2418 81 -2588
-2418 81 -2682
-2418 81 -2776
-2418 81 -2870
-2418 81 -2964
-2418 81 -3058
